19 95
53 93
48 68
15 60
59 61
13 52
6 75
5 23
4 29
25 100
3 17
59 35
39 65
25 50
76 95
73 77
11 89
13 39
21 37
39 52
67 61
55 31
39 78
98 69
21 11
56 92
97 59
57 95
59 77
51 85
80 81
83 71
19 38
65 91
13 65
83 79
50 100
55 9
42 95
67 47
16 45
97 77
79 7
28 87
53 41
61 77
26 52
39 91
75 90
35 77
67 63
27 81
73 63
12 65
96 90
30 90
68 85
86 45
13 91
67 35
1 3
14 13
17 85
26 39
34 85
20 13
36 100
37 89
83 7
17 51
3 5
62 87
97 35
2 15
52 78
13 78
35 49
22 95
54 81
45 75
5 27
19 76
38 95
58 87
32 23
97 47
71 9
71 7
30 45
33 43
97 67
72 30
88 90
15 90
41 33
2 5
60 75
97 63
15 30
26 78
94 19
55 7
66 25
74 75
64 87
52 91
73 47
30 60
8 76
71 79
3 4
53 99
23 46
29 58
25 75
93 33
38 57
53 33
77 49
34 51
38 76
26 65
2 4
69 92
4 19
41 99
59 47
57 76
15 45
45 90
15 75
78 91
31 79
27 54
70 30
34 68
23 92
1 5
17 34
67 73
99 43
44 87
47 49
60 90
2 3
17 68
10 26
31 7
29 87
23 69
61 49
40 34
73 61
79 9
84 87
59 49
75 100
52 65
63 49
67 49
50 75
93 43
83 9
47 61
46 92
45 60
55 79
19 57
26 91
1 13
13 26
82 100
97 61
30 75
51 68
65 78
24 90
18 30
47 63
46 69
2 25
34 80
10 65
1 6
20 80
10 11
37 85
37 72
79 85
17 19
7 13
80 92
8 17
11 30
39 66
23 38
87 97
16 76
57 87
6 24
44 97
9 53
47 65
53 95
2 34
59 86
37 87
33 65
35 66
48 83
17 82
78 94
77 89
2 65
11 75
3 90
36 90
20 93
3 80
18 45
2 46
48 100
40 85
16 57
24 98
82 84
31 60
50 83
13 69
13 54
2 52
26 85
14 69
10 34
50 97
5 12
53 58
32 42
52 56
89 90
60 89
43 100
4 62
7 65
12 35
17 24
17 67
34 82
29 48
34 56
1 67
86 90
1 54
41 78
10 48
61 72
37 93
23 27
48 61
26 34
62 89
39 82
56 97
61 90
38 100
65 86
43 55
31 41
27 28
13 44
46 71
10 37
42 69
55 58
6 16
6 11
40 89
20 60
1 78
11 85
3 75
40 44
26 63
44 53
13 99
26 51
33 81
35 80
23 66
4 75
22 46
39 54
26 98
76 94
6 99
63 72
13 92
29 72
19 67
12 30
41 92
58 97
82 97
70 92
17 76
60 83
16 89
20 63
96 100
28 30
58 82
19 63
87 88
58 62
68 70
27 97
48 84
30 66
24 44
35 83
16 99
3 97
45 48
31 59
65 69
6 88
29 35
31 36
14 41
14 16
18 97
72 74
37 96
6 47
52 63
4 88
72 92
27 38
42 45
22 63
6 25
25 63
22 81
35 75
75 95
22 43
22 99
57 81
48 66
8 98
40 57
60 62
51 61
94 97
88 100
28 90
2 51
83 87
2 40
9 88
17 58
45 59
61 95
55 65
67 81
6 67
39 67
25 67
39 94
33 63
21 23
1 97
14 90
14 65
84 100
85 90
5 21
20 29
49 66
8 31
43 97
1 75
58 72
6 61
11 73
40 46
17 91
14 23
7 15
15 17
52 82
28 62
7 57
47 62
26 72
8 22
52 57
65 96
3 67
51 77
11 60
67 90
21 32
7 99
49 56
69 74
31 100
9 94
34 61
33 58
15 82
3 84
4 28
10 19
11 27
53 88
1 11
19 33
27 69
16 71
38 42
19 99
53 57
62 75
27 53
18 38
16 88
2 10
58 78
6 19
76 80
69 85
18 40
3 32
28 51
48 89
39 89
9 17
78 93
79 95
82 86
6 66
5 10
70 81
75 76
3 23
33 89
23 54
20 54
3 78
10 24
10 97
78 89
30 53
1 44
38 49
39 57
4 24
24 37
24 43
12 37
23 77
93 94
20 68
61 93
74 94
18 51
1 87
40 67
47 83
25 35
62 80
9 73
11 25
4 51
22 97
53 78
37 66
23 97
6 74
6 60
8 10
30 100
91 95
35 63
42 77
8 25
16 91
4 86
48 97
26 32
66 76
29 71
37 62
73 84
15 48
36 68
27 55
78 95
14 58
66 98
81 88
8 59
12 62
61 82
2 69
43 54
24 60
1 91
60 95
18 39
77 92
82 91
2 60
4 14
53 80
6 55
17 89
79 89
27 64
6 50
68 74
16 39
1 68
28 38
26 30
72 79
32 97
59 75
89 93
50 69
21 52
33 46
25 40
6 69
30 35
27 98
54 97
56 79
23 89
30 80
29 74
13 29
65 73
29 69
15 56
29 42
7 10
87 100
33 86
29 92
60 93
47 81
39 75
71 76
8 85
51 65
73 78
12 93
30 52
48 62
86 98
57 80
3 13
46 63
46 72
23 53
64 66
87 90
23 40
58 69
31 54
29 93
5 29
52 88
51 66
42 87
53 69
42 100
15 37
14 50
37 42
44 45
31 40
1 94
43 64
80 89
33 44
35 39
16 59
41 74
32 76
2 63
23 100
45 58
21 99
13 86
50 65
24 74
9 58
80 86
27 61
63 95
31 91
9 26
13 36
54 65
31 87
46 98
78 80
21 97
25 89
25 99
27 75
74 87
18 93
62 96
80 82
4 5
26 92
58 89
28 94
33 56
62 91
16 37
58 60
86 88
21 91
51 67
28 48
35 88
33 78
33 52
44 62
19 32
25 30
30 33
59 64
62 93
57 78
43 84
4 20
71 81
84 90
8 30
16 36
46 97
36 86
12 45
46 96
4 65
17 52
30 64
61 80
53 56
3 27
31 43
11 49
19 36
9 98
44 56
9 24
21 33
17 38
31 75
13 16
56 95
31 34
49 94
25 94
69 78
20 74
14 31
33 91
24 49
70 89
46 77
36 64
26 29
1 43
20 88
63 66
78 85
11 41
9 89
59 76
56 89
6 94
10 72
40 72
25 49
74 80
4 50
47 55
56 99
62 65
61 85
57 82
39 43
45 52
4 95
15 97
4 52
41 83
91 96
3 48
71 73
7 19
5 60
56 72
8 11
79 98
10 75
26 69
55 67
18 94
36 75
10 20
29 64
28 56
46 49
37 99
78 86
33 38
71 88
11 70
32 53
13 59
34 66
53 63
22 48
52 99
19 58
16 23
19 62
54 80
27 43
92 94
9 15
11 17
18 88
37 79
2 44
1 20
42 72
78 84
86 93
50 92
51 64
27 57
34 76
52 72
4 44
57 93
5 48
42 57
21 58
44 90
29 47
33 72
18 58
1 23
14 82
19 75
24 34
4 83
10 99
1 34
30 77
50 54
37 49
15 77
22 85
40 100
55 80
69 77
60 99
13 97
24 33
39 83
40 81
17 25
55 100
83 94
7 29
36 85
1 88
36 40
5 36
8 26
68 84
12 100
85 96
37 39
53 96
13 45
16 31
36 76
80 97
10 50
68 77
44 91
2 97
36 44
20 55
33 82
25 61
63 78
16 78
34 86
19 48
52 55
24 26
24 50
30 71
30 55
15 51
49 85
52 93
61 76
69 83
18 20
39 41
18 69
76 81
25 26
55 88
2 74
49 75
31 81
39 63
8 78
31 85
64 83
2 77
55 59
11 74
62 78
11 94
5 45
6 37
17 46
34 77
26 59
5 79
48 73
5 32
88 99
37 67
29 37
49 74
65 95
4 39
15 22
21 26
42 78
65 66
21 54
9 77
36 39
65 97
56 70
26 28
74 88
73 100
12 86
41 80
2 35
6 46
21 42
14 25
67 80
92 98
44 52
32 71
70 86
70 100
5 22
34 74
52 96
27 58
16 29
30 73
5 93
29 83
39 58
48 58
69 99
89 94
54 68
13 47
4 47
86 94
22 23
15 96
24 64
40 87
8 45
38 81
31 98
15 23
76 79
72 100
92 96
11 44
54 71
7 85
51 78
28 66
10 46
20 24
49 80
11 61
62 63
14 67
12 79
1 33
1 71
59 81
85 100
96 97
28 71
10 43
19 64
23 45
32 70
5 54
11 77
17 71
56 68
7 92
61 86
1 69
18 46
56 59
5 83
27 46
4 57
3 45
4 42
58 64
78 90
20 81
29 65
39 55
18 81
13 93
4 85
31 38
23 91
23 47
16 32
46 60
72 89
39 71
60 74
70 77
25 47
17 69
58 75
20 37
8 33
61 68
37 48
34 53
24 66
14 32
47 77
20 90
37 75
4 7
29 32
59 68
26 64
50 57
21 43
41 42
43 76
4 25
40 69
2 72
6 23
8 36
43 87
21 44
1 15
76 92
12 68
30 43
10 39
58 90
39 70
6 70
24 59
18 26
24 69
62 68
5 69
57 83
15 25
55 77
22 39
10 94
84 99
31 73
9 44
27 93
36 89
7 27
10 21
82 83
62 88
19 56
4 38
25 38
54 84
77 95
2 96
2 42
58 96
63 92
43 83
1 77
24 40
15 41
12 54
63 71
70 74
1 37
2 82
71 85
56 96
36 57
4 41
43 51
42 48
9 18
44 69
82 94
20 59
8 34
62 67
40 53
13 64
6 38
39 97
25 97
16 46
14 97
56 60
40 51
32 66
14 62
15 99
24 28
8 40
37 78
30 92
29 38
18 79
10 71
28 35
22 33
16 44
13 50
25 96
58 94
21 90
31 69
9 91
10 52
24 94
45 88
15 80
29 78
45 53
8 13
26 50
11 16
18 37
47 68
16 100
21 86
14 73
75 85
27 87
38 59
32 67
48 51
14 74
36 67
22 45
13 33
17 93
27 92
19 52
54 67
46 95
8 72
6 41
44 82
25 72
14 47
48 79
7 64
25 98
54 63
43 85
73 75
36 66
66 91
17 60
55 90
2 57
27 67
8 24
25 37
37 40
57 98
48 65
23 81
48 60
7 73
60 76
6 77
17 36
34 96
16 33
63 89
8 49
69 95
38 85
8 29
71 93
14 72
2 48
20 21
57 63
11 68
4 21
22 87
69 94
25 29
4 64
12 94
14 91
24 84
45 79
51 62
12 36
33 99
4 68
15 79
73 91
77 85
66 74
35 86
79 96
7 78
46 100
15 40
77 96
40 76
61 79
9 46
24 67
37 41
37 80
9 25
3 86
49 86
48 72
40 52
73 79
16 77
38 94
28 29
30 56
64 78
13 98
18 67
10 15
38 53
41 89
90 100
67 84
27 40
11 26
55 97
23 98
26 89
10 31
5 50
10 32
63 96
6 79
32 75
31 47
6 85
15 33
14 38
12 49
41 56
14 20
1 26
7 44
42 79
25 90
37 91
50 85
28 84
29 99
49 92
16 30
4 59
19 35
6 14
24 85
1 16
21 50
77 99
15 84
47 88
34 98
30 49
84 94
29 94
58 92
4 82
45 72
59 73
32 85
29 39
20 64
12 87
19 100
22 36
74 95
38 62
21 45
37 55
12 96
4 93
36 77
3 38
30 67
53 65
6 81
41 93
57 59
16 92
15 66
17 88
62 66
36 83
45 94
15 18
25 28
48 96
1 19
70 98
11 92
21 94
12 59
17 44
10 90
27 35
9 38
15 24
73 89
81 91
21 40
13 30
26 61
76 91
42 84
18 65
13 49
22 47
41 60
44 84
58 65
66 68
10 23
45 46
74 100
35 45
45 81
26 56
15 46
18 91
12 83
87 91
21 77
1 2
5 57
29 77
3 18
2 32
81 84
64 90
25 60
35 85
84 91
17 79
51 76
74 99
5 15
37 54
42 82
5 55
11 53
33 98
24 83
13 74
32 63
16 40
22 28
5 24
32 73
56 75
37 45
45 96
23 52
3 98
23 68
30 50
47 96
6 91
12 50
3 14
29 45
13 41
39 72
40 58
74 81
7 91
38 55
8 64
10 49
4 84
41 51
59 92
40 48
2 70
35 64
48 75
55 71
51 95
21 57
19 69
15 86
29 52
19 22
14 22
14 99
10 82
38 70
19 71
41 86
43 49
11 32
14 95
37 68
12 52
45 76
18 24
20 35
84 92
26 58
20 36
15 95
26 53
72 93
5 14
31 77
13 17
49 69
19 81
81 100
14 52
44 47
15 88
9 64
47 94
31 82
23 75
1 4
13 28
15 83
8 95
1 81
3 15
60 94
44 73
30 82
35 47
17 63
5 35
23 63
26 67
18 34
18 29
75 96
50 89
15 32
67 98
28 57
28 41
64 73
11 63
2 50
70 85
28 73
39 69
86 89
21 62
42 59
55 78
19 98
39 73
24 80
40 90
15 20
1 98
30 91
11 84
46 66
5 43
22 88
61 98
6 39
1 73
16 53
11 46
1 74
53 85
51 82
73 81
21 87
72 86
62 99
12 58
23 82
56 76
20 38
53 76
14 34
46 76
20 34
31 37
40 96
29 40
48 74
4 40
7 26
65 82
63 64
57 86
38 92
18 54
19 55
5 94
24 38
36 59
23 83
16 27
73 88
48 52
5 71
33 100
44 68
59 79
41 58
41 59
24 42
45 84
8 99
19 78
30 51
2 95
87 89
54 76
35 50
12 32
12 21
13 22
3 61
67 82
36 72
67 69
45 83
30 87
21 51
33 67
48 80
5 17
46 58
36 95
33 48
12 72
23 58
43 57
54 62
20 28
38 71
21 39
18 84
47 85
40 47
35 41
46 88
90 94
77 81
53 82
39 56
54 74
51 86
6 35
47 92
2 86
12 77
11 38
9 92
78 96
44 46
35 54
24 93
12 14
21 56
3 9
1 27
5 25
81 87
46 48
14 86
18 27
44 98
18 82
57 75
12 16
28 43
18 66
58 84
42 66
53 84
66 77
87 99
9 11
28 65
31 35
4 97
1 95
2 43
45 55
40 97
16 38
6 87
75 98
42 56
52 75
53 100
83 92
40 86
46 80
44 72
9 35
64 75
18 36
7 28
37 81
47 72
44 50
1 85
18 60
9 72
93 95
4 99
32 86
76 98
6 83
11 91
75 89
6 73
5 8
10 91
44 80
7 39
45 56
3 51
66 99
65 90
65 83
26 40
11 47
21 49
32 57
66 71
17 23
8 53
34 70
38 65
52 70
45 99
4 77
10 28
17 65
27 30
6 27
69 97
6 20
56 84
37 76
18 31
47 71
14 64
12 48
25 83
45 71
4 80
7 49
50 86
9 27
42 44
40 42
9 69
79 92
61 62
21 46
10 98
43 81
16 79
66 96
30 85
20 96
69 86
29 60
48 69
41 97
13 67
37 70
77 83
66 79
39 79
29 91
24 63
26 100
57 85
26 79
24 62
10 66
29 61
82 99
13 15
13 42
22 56
9 67
2 19
22 51
4 58
30 62
27 99
85 89
80 87
26 62
18 72
1 56
61 64
30 39
5 37
3 39
11 55
11 67
69 93
7 21
8 91
6 80
55 73
37 43
38 47
62 71
27 96
17 31
8 56
3 30
50 66
12 39
46 50
76 87
3 76
2 36
25 85
3 44
2 23
36 69
28 50
21 25
8 38
36 54
5 65
25 80
24 27
36 91
46 68
1 92
11 31
64 85
33 60
42 94
1 70
14 68
20 56
91 93
69 70
19 20
28 52
21 28
2 20
2 53
80 91
10 55
34 42
34 69
18 59
73 98
17 86
18 98
53 64
31 83
14 96
10 33
35 98
74 90
2 41
41 84
32 37
16 87
26 42
11 81
14 55
32 43
13 40
6 96
8 67
10 100
2 49
56 65
6 15
30 58
9 52
12 17
1 39
24 39
9 19
56 98
21 27
21 66
38 64
29 63
29 88
45 92
24 97
22 98
42 71
16 65
61 100
8 18
11 57
5 89
66 78
17 33
6 45
66 93
15 47
33 84
51 57
44 59
33 90
5 13
20 87
39 88
3 94
18 85
23 99
3 77
12 82
8 77
12 92
28 75
8 68
66 92
25 33
25 48
10 25
34 54
2 39
53 75
13 56
41 82
30 42
72 83
16 56
3 59
1 32
56 57
22 30
65 72
32 46
4 71
2 45
17 80
27 47
68 97
5 64
14 21
51 52
55 74
31 99
64 99
10 16
32 83
12 85
25 39
34 35
20 50
14 26
76 78
33 40
10 67
31 92
64 82
25 42
22 35
14 83
26 82
47 90
3 33
45 95
68 82
35 46
95 100
54 73
17 37
14 77
56 74
14 29
3 8
33 94
16 61
11 36
19 68
9 80
9 90
19 74
50 59
92 97
72 99
11 69
8 74
53 61
15 58
59 60
28 47
76 93
42 96
46 93
62 85
53 98
1 89
41 98
30 74
40 88
8 58
45 54
13 37
26 73
78 98
17 98
16 73
13 84
30 59
53 66
37 50
57 100
68 93
10 62
2 31
1 65
10 83
72 90
19 61
21 35
12 26
67 100
50 94
24 35
40 98
35 74
3 65
76 96
12 27
27 37
31 46
39 92
52 64
14 60
69 87
35 51
5 7
90 93
7 12
27 72
81 85
20 79
22 57
1 21
22 53
1 79
1 96
17 43
17 54
19 31
54 95
16 63
69 72
71 98
58 88
57 96
12 63
14 89
86 96
34 43
10 86
24 32
18 95
58 93
31 78
39 64
35 82
3 55
19 50
72 88
40 82
16 93
77 84
40 70
17 32
23 74
69 90
1 55
76 85
17 62
12 51
55 70
38 87
63 80
11 82
22 74
7 69
68 79
10 35
42 47
46 56
1 83
41 69
36 47
67 93
40 73
97 100
29 86
29 73
46 87
21 71
49 89
10 81
41 68
87 94
58 68
60 87
6 68
66 97
16 72
33 73
81 86
30 99
9 54
5 74
2 76
27 77
45 97
53 68
20 40
34 41
49 53
53 73
4 23
6 36
3 34
49 81
69 91
65 94
71 96
78 81
51 53
44 57
26 60
11 48
13 51
41 91
28 70
47 86
5 6
5 75
51 59
43 95
3 71
75 91
54 88
77 90
17 41
20 65
1 14
4 66
10 60
48 57
13 87
54 91
28 76
21 68
11 14
19 21
15 55
34 59
9 32
37 82
32 35
16 18
95 96
18 86
2 88
78 88
1 28
31 52
13 66
67 79
50 68
35 48
39 61
91 98
35 96
4 87
7 48
1 49
28 32
41 70
59 96
41 49
45 100
29 68
16 41
38 39
37 77
45 51
7 89
1 31
5 82
14 36
43 48
94 98
22 77
7 50
16 84
28 79
16 64
49 82
7 96
75 97
13 55
34 81
28 82
7 95
35 79
15 59
9 84
23 85
55 82
3 66
43 65
66 90
63 94
33 42
3 49
3 91
70 80
9 21
8 70
34 97
49 100
18 22
90 92
28 98
42 70
41 96
24 77
5 98
64 65
34 46
1 8
1 46
27 91
37 46
31 64
7 42
10 56
2 73
82 92
81 99
42 74
61 99
71 74
52 76
23 57
52 61
35 61
73 99
23 84
56 58
34 50
75 82
52 71
55 96
65 77
16 96
4 6
43 74
71 77
7 59
72 80
45 73
5 39
4 17
25 58
36 50
7 51
28 53
9 63
33 76
57 68
27 51
54 79
14 84
16 25
12 71
43 61
25 36
39 49
13 60
87 93
54 87
25 79
51 81
27 42
22 84
23 76
39 60
54 64
32 68
38 90
64 86
22 27
75 87
18 53
98 100
33 68
17 83
86 99
41 88
3 20
14 48
44 79
59 90
6 64
50 73
40 92
6 30
83 88
49 97
15 52
20 84
56 62
27 56
25 62
72 95
75 92
64 69
2 67
40 56
30 31
4 53
67 70
15 39
89 92
23 50
45 63
15 70
17 39
54 89
34 45
47 78
43 67
47 98
14 27
5 70
92 95
30 88
35 42
8 23
9 43
62 64
15 65
18 23
52 54
19 70
58 98
59 84
32 84
81 92
12 44
34 92
14 88
52 83
13 100
12 46
67 83
93 99
36 43
71 92
8 14
44 83
17 57
64 96
4 67
33 49
39 85
10 53
58 66
24 53
56 90
7 25
89 96
9 29
5 31
7 86
7 75
29 98
27 45
9 78
42 75
14 76
87 96
12 31
22 93
16 90
50 70
16 17
54 85
55 63
2 90
58 63
26 48
19 96
19 23
9 45
10 73
9 85
18 75
43 46
85 99
4 76
84 88
5 73
24 46
86 100
60 67
44 67
11 51
17 81
62 82
32 45
60 73
41 47
39 44
3 70
7 62
76 86
9 62
50 62
22 92
32 95
51 71
12 19
60 66
69 71
44 54
30 93
36 99
9 56
12 29
67 71
62 83
50 53
9 49
25 91
7 87
24 82
6 22
86 92
50 99
43 52
48 99
33 45
11 56
42 58
28 46
5 52
74 89
60 68
11 43
49 50
11 79
27 36
61 87
57 74
42 62
28 59
4 9
19 25
58 86
45 62
15 38
5 86
37 65
75 84
33 54
31 39
10 17
26 43
13 24
26 76
21 63
82 85
43 75
12 84
83 84
89 91
30 68
56 67
23 78
35 93
67 85
52 74
42 99
61 83
6 82
56 61
8 66
24 52
72 94
8 60
3 93
13 68
51 99
29 67
75 81
65 81
53 71
24 92
20 91
50 79
25 70
1 12
57 91
46 54
23 25
53 87
38 44
23 34
18 57
31 90
59 70
2 24
60 77
28 58
9 60
8 55
10 42
10 44
4 79
15 16
29 34
53 67
12 66
55 84
46 67
37 59
74 82
24 87
20 82
9 42
32 34
24 25
24 73
11 99
17 84
5 100
20 45
56 77
5 34
42 97
34 89
28 31
79 81
23 42
40 79
52 81
66 75
26 86
10 68
9 36
55 98
32 52
36 88
37 84
11 65
38 63
22 42
63 88
16 55
23 33
28 69
13 53
5 91
42 46
38 88
5 42
5 78
3 10
17 94
92 100
31 62
10 45
34 47
31 49
40 59
25 44
50 84
1 18
29 44
68 78
21 59
7 76
46 84
22 89
68 75
50 60
48 59
6 57
24 57
66 100
49 54
59 67
5 85
20 76
47 74
22 73
60 88
58 100
11 66
22 58
3 16
16 69
42 73
68 69
13 80
26 70
50 87
9 75
88 91
33 87
64 76
48 55
19 37
76 97
3 56
1 59
28 64
26 90
15 50
8 89
11 20
40 94
38 67
39 96
64 68
75 77
2 12
52 90
32 88
16 54
2 8
55 72
26 93
26 44
3 40
15 44
53 83
5 77
10 80
47 75
42 76
21 31
36 70
41 75
25 93
18 28
44 51
36 65
25 51
18 64
65 93
88 95
4 46
33 85
69 73
75 83
31 88
7 54
8 42
41 72
16 94
44 66
81 82
67 99
12 56
70 71
23 43
37 52
2 99
99 100
50 95
14 24
7 34
78 92
61 91
36 81
53 92
55 89
6 34
1 66
60 70
29 59
11 58
15 72
32 59
21 64
54 92
43 60
63 87
49 64
60 81
16 85
78 97
70 96
24 48
29 62
10 38
62 72
20 46
42 64
86 87
3 25
72 76
35 81
60 86
29 96
26 96
16 82
19 66
15 34
2 78
30 48
52 60
22 80
17 61
64 91
73 74
21 80
73 82
42 68
26 66
18 100
40 62
18 90
13 63
7 60
11 59
52 94
6 62
56 93
73 76
86 95
65 71
29 55
65 67
22 29
12 91
15 29
52 58
9 12
38 68
32 58
6 51
75 86
14 79
10 13
59 85
18 62
14 75
31 58
51 72
42 93
33 71
32 91
71 97
76 90
25 46
10 59
8 88
24 54
1 35
67 96
28 83
16 97
26 45
48 70
70 75
37 61
3 79
59 88
25 41
6 98
25 92
50 77
84 89
6 18
3 12
85 98
93 97
26 49
8 57
85 95
18 35
85 88
5 76
51 94
14 56
21 96
33 79
17 78
19 26
20 27
19 34
1 38
41 52
48 86
68 100
31 53
24 36
40 93
32 44
24 30
69 81
12 60
33 88
2 14
30 76
16 60
87 95
30 95
25 77
7 24
44 89
92 93
58 99
40 71
51 90
63 98
32 81
56 63
44 93
51 70
4 91
55 75
35 94
32 79
20 67
29 53
25 65
46 81
31 76
5 59
11 64
47 48
35 99
58 76
83 100
52 84
43 73
54 60
67 72
64 95
65 80
14 39
2 94
18 55
51 100
57 84
26 68
53 72
4 94
7 20
32 89
23 37
62 92
21 69
17 45
19 24
55 66
40 54
3 52
63 84
4 8
5 66
18 89
6 89
31 72
94 96
26 84
49 70
4 89
40 43
68 76
10 12
63 74
46 86
7 17
71 100
22 94
72 96
19 29
1 50
6 52
29 30
3 43
17 53
54 55
31 96
15 91
2 85
17 29
47 70
28 89
12 64
41 64
10 63
20 92
50 56
2 64
50 58
61 84
33 70
44 65
27 48
25 43
20 85
94 95
66 81
34 84
26 80
70 94
26 33
2 93
16 86
19 83
20 97
3 26
68 71
68 91
25 74
9 20
23 39
21 41
29 31
80 94
31 50
28 88
7 90
2 28
79 90
7 14
11 54
1 60
59 100
71 95
22 75
58 85
22 71
3 22
52 95
37 73
74 93
68 92
12 55
42 61
33 83
46 70
41 55
7 84
67 77
52 79
8 12
23 73
25 84
25 78
8 75
1 93
16 35
9 93
35 90
82 95
7 11
8 28
12 98
17 96
21 70
20 48
27 71
18 70
19 41
56 80
74 98
30 46
20 72
65 84
9 70
33 57
32 33
69 84
27 70
38 72
12 13
34 90
27 85
90 95
48 54
26 36
49 78
42 52
42 89
16 51
1 64
25 54
43 66
38 75
13 61
11 39
80 96
64 70
72 97
89 100
17 75
9 82
84 95
68 95
10 88
18 78
4 12
10 22
3 19
35 58
61 74
21 92
33 55
21 98
23 60
45 68
36 41
16 68
32 51
2 27
32 78
31 67
27 31
1 25
81 94
41 94
31 68
30 89
75 80
44 88
89 98
48 67
17 40
23 88
48 76
5 47
35 43
32 64
21 61
14 28
2 13
57 71
4 96
80 84
14 49
2 17
54 78
9 13
48 87
61 71
50 61
22 54
45 50
2 79
14 59
2 87
4 100
5 95
51 97
14 80
56 73
8 20
3 100
15 87
14 93
94 99
39 48
14 87
6 86
73 80
22 40
30 32
30 37
34 57
19 51
47 80
58 83
22 26
48 98
67 91
60 84
37 86
34 91
28 54
49 83
70 97
9 66
47 53
23 61
53 59
73 97
38 93
11 24
13 62
30 61
4 63
71 94
45 67
23 59
63 79
62 95
22 41
57 60
41 71
75 88
33 62
19 44
13 85
23 55
18 99
15 64
64 72
51 79
21 81
22 44
19 87
36 56
4 72
36 94
76 77
3 68
47 84
58 67
30 34
22 96
89 97
7 22
15 27
79 93
13 43
18 19
34 49
21 36
25 34
15 36
74 77
24 68
17 55
60 100
29 50
85 97
10 18
50 98
21 78
46 99
91 94
33 66
70 93
36 84
29 56
62 100
58 80
27 41
8 63
30 86
53 86
55 91
22 79
36 37
54 93
27 63
2 26
11 37
10 77
3 50
4 10
52 69
56 91
24 76
54 66
19 39
3 62
44 99
15 78
67 78
67 76
14 33
9 81
8 44
32 77
22 83
54 72
32 38
75 99
15 68
25 53
47 57
41 79
50 96
3 46
39 86
65 74
22 68
29 85
42 98
3 81
68 98
66 88
12 15
28 74
36 55
32 56
17 73
80 93
57 69
76 88
2 21
40 49
34 79
14 17
95 99
23 31
48 95
42 67
25 82
15 81
65 89
40 84
35 92
30 63
81 90
10 36
26 75
14 66
14 30
62 90
69 100
70 83
40 99
5 58
31 65
4 56
7 35
25 31
8 90
1 62
19 92
8 82
49 91
4 32
18 43
54 75
43 56
35 60
64 98
22 25
19 45
53 90
58 79
38 80
22 76
43 58
71 84
21 75
18 21
55 86
5 41
94 100
43 47
20 71
31 61
24 99
3 11
72 75
19 97
36 98
27 76
32 62
52 68
30 78
31 74
6 90
33 36
23 28
28 91
14 35
34 83
59 99
49 55
19 73
71 86
17 64
46 53
20 23
50 71
65 88
4 69
23 56
11 100
12 24
48 88
36 93
32 48
82 96
8 96
29 41
51 93
64 74
7 8
41 100
19 88
28 92
34 39
71 75
18 47
54 56
13 25
8 86
68 99
7 36
29 80
57 90
4 78
61 89
83 95
49 95
53 77
35 78
14 71
46 78
91 100
17 21
6 31
59 80
19 89
59 78
38 41
6 32
44 63
20 39
7 58
88 96
9 22
68 73
36 62
2 18
12 28
26 27
54 100
19 79
6 29
46 90
41 76
9 23
11 15
28 37
46 73
2 33
17 59
66 67
8 37
56 81
27 83
61 63
2 47
39 76
50 88
51 56
77 86
19 77
33 95
22 65
11 97
45 57
17 92
22 82
47 95
60 78
28 85
79 80
36 49
70 99
39 84
21 34
41 85
40 68
20 51
8 65
42 83
44 96
51 80
71 99
35 55
61 65
16 22
91 97
66 80
43 44
50 80
7 33
74 86
18 96
27 80
62 74
66 70
20 70
77 94
15 42
24 81
3 35
4 98
37 71
23 90
15 89
20 86
68 87
1 53
23 79
21 93
18 52
27 39
70 82
12 80
3 47
52 80
36 71
8 94
61 94
53 97
66 85
30 81
40 77
33 34
11 42
21 47
28 33
4 15
49 72
17 27
30 97
10 54
10 78
70 90
7 9
47 99
6 93
21 53
2 59
49 98
25 69
9 97
9 37
43 45
3 28
24 96
13 18
81 89
45 77
15 61
40 95
61 81
65 92
7 67
51 75
88 89
27 33
6 84
61 96
7 43
77 91
8 52
34 73
91 99
34 48
15 62
5 49
15 28
20 30
55 76
66 82
8 80
63 76
23 80
24 55
31 45
6 40
70 79
8 62
50 78
73 96
15 92
32 92
72 73
64 84
15 31
46 62
8 27
43 79
36 97
69 89
78 99
65 100
1 72
48 49
56 94
35 52
9 39
46 59
52 86
20 61
17 30
13 70
27 50
31 57
5 88
26 99
11 34
20 43
19 80
54 61
64 93
47 87
84 96
31 86
50 63
13 81
63 75
17 50
28 61
31 80
21 30
24 72
2 22
15 76
16 48
62 77
56 66
6 56
8 100
88 97
2 56
23 70
8 21
21 76
24 41
28 34
74 96
46 94
9 61
22 62
76 89
41 67
12 61
52 59
27 82
27 59
17 22
23 64
59 83
83 89
36 42
23 72
40 75
47 60
52 66
19 65
24 51
47 66
21 22
28 93
60 96
53 94
10 41
39 50
11 96
29 90
48 81
27 66
48 91
58 71
8 39
20 49
22 86
12 18
18 33
35 76
68 72
66 94
14 44
19 42
16 66
13 46
35 95
12 75
24 56
31 70
43 72
24 47
10 14
55 95
73 93
56 71
64 94
16 67
7 98
38 40
5 63
14 42
35 38
83 97
34 55
5 33
53 60
3 96
11 86
77 88
62 86
54 70
11 22
31 95
11 12
20 89
98 99
19 30
5 68
34 52
37 92
67 92
2 61
57 89
35 65
38 89
3 72
8 61
8 16
72 98
13 90
32 98
17 97
24 78
29 43
18 80
80 99
70 73
1 22
32 74
22 49
28 44
22 66
54 99
50 91
20 78
54 98
49 84
18 61
13 32
82 90
46 83
13 89
28 77
17 42
23 87
20 77
33 97
2 58
26 83
59 95
7 100
18 68
26 38
9 87
36 58
12 33
10 76
28 42
49 71
43 71
95 98
34 63
2 98
77 78
18 25
3 60
24 88
44 92
5 28
21 72
86 97
6 59
51 89
17 99
40 91
22 38
51 91
47 51
35 100
3 85
16 34
2 66
27 44
3 21
36 53
2 11
3 87
21 85
9 99
5 18
9 30
30 65
64 100
84 98
21 84
4 92
69 75
8 81
15 67
23 96
31 63
22 31
21 95
4 45
8 43
62 98
26 47
15 74
55 57
9 86
14 78
20 22
62 69
58 81
1 76
28 68
8 15
73 86
11 88
42 53
29 70
44 75
17 74
26 46
28 78
44 94
20 44
1 30
83 85
43 96
48 64
49 60
12 43
38 79
30 36
21 79
71 90
17 72
24 61
27 100
74 79
11 72
30 54
31 97
25 59
32 36
36 73
97 98
69 76
78 79
33 50
41 50
14 37
9 76
9 14
93 98
48 71
15 53
38 45
36 79
5 9
32 99
17 20
54 96
30 79
23 26
60 97
35 73
76 100
22 34
29 95
15 49
59 71
28 100
16 98
38 69
3 37
32 80
71 82
79 82
63 81
10 27
46 55
4 60
12 23
35 44
10 92
39 46
36 74
54 59
38 54
20 31
21 65
23 49
6 78
29 84
7 93
63 91
11 19
29 46
70 91
5 99
28 36
51 88
27 95
13 21
13 35
16 19
36 46
44 86
3 36
28 40
80 83
20 41
24 89
40 65
34 58
51 54
29 82
5 80
11 93
41 44
16 74
10 96
18 71
19 49
39 68
16 47
33 59
26 97
8 47
48 50
18 63
15 93
12 20
88 93
17 87
3 31
72 78
14 45
25 71
41 48
34 36
6 63
10 84
7 30
85 87
3 73
13 23
11 98
5 87
22 37
36 61
5 72
33 51
28 99
21 89
73 83
35 72
82 89
3 64
5 40
66 84
62 97
49 79
37 38
37 57
29 76
22 100
62 76
56 82
59 65
14 54
18 32
6 9
24 86
73 95
13 88
11 28
15 94
3 69
43 62
30 69
36 60
71 87
63 85
89 99
27 32
57 58
46 91
2 16
35 70
40 64
26 88
23 62
43 98
47 69
27 74
2 54
59 69
28 55
95 97
49 99
37 88
78 83
6 97
29 100
67 75
22 90
42 65
12 22
44 70
79 97
60 91
1 80
51 74
22 78
27 89
22 72
6 49
39 98
38 61
81 83
6 10
30 96
80 95
46 65
30 38
46 74
5 92
57 64
45 98
49 76
48 53
73 90
4 54
34 78
10 40
77 82
34 44
34 99
36 52
1 10
13 48
29 54
45 89
9 65
59 93
50 82
76 84
12 76
16 81
35 71
5 26
1 29
65 70
73 94
2 6
17 100
46 89
13 27
20 66
63 68
75 94
1 48
10 64
25 52
54 57
81 95
14 81
41 57
18 50
39 42
7 41
20 32
14 18
76 82
4 30
20 75
67 88
40 78
35 84
54 94
28 72
22 24
7 70
23 44
61 66
38 74
58 73
58 74
21 74
8 9
67 95
24 75
62 70
59 94
85 94
62 73
20 52
52 62
11 90
4 22
18 44
57 99
64 67
7 82
55 92
14 85
74 76
39 80
37 97
7 63
49 68
64 97
20 62
62 81
57 92
18 77
6 42
74 83
16 52
23 86
74 91
23 71
50 55
52 67
41 66
53 74
47 50
2 80
8 41
42 49
55 60
27 88
21 29
25 27
61 75
21 100
13 95
18 48
61 78
70 76
55 69
32 69
31 51
75 78
8 83
12 99
2 71
46 57
1 17
73 87
51 69
32 96
80 88
52 92
58 61
34 100
1 47
22 55
71 91
32 100
12 73
68 96
82 98
45 78
9 95
1 36
45 91
7 81
21 83
57 77
44 61
15 98
28 45
37 83
43 63
4 35
39 100
6 43
65 85
50 93
60 64
20 98
64 80
40 83
57 94
4 33
5 62
74 85
83 98
42 81
7 23
24 79
39 47
29 36
38 82
70 78
10 89
26 74
38 96
69 82
43 89
31 84
10 30
27 62
64 92
18 92
5 16
32 65
10 79
19 85
80 90
10 47
20 99
12 25
79 99
49 90
14 15
44 71
14 19
6 54
32 39
46 64
33 80
60 69
77 79
71 80
22 60
15 71
6 65
25 57
7 74
56 69
28 81
34 93
47 58
48 93
5 61
35 37
4 27
65 87
11 78
25 76
4 61
48 92
37 90
28 67
13 94
61 92
32 90
33 39
18 73
85 93
1 7
41 46
26 35
1 24
25 68
29 79
29 49
57 66
47 64
9 28
7 94
7 46
26 54
10 70
23 48
39 62
42 91
19 90
56 100
30 94
7 45
64 81
96 99
82 88
36 80
41 87
49 65
46 51
83 99
42 43
31 32
12 42
45 66
3 83
5 51
46 52
6 13
35 62
7 40
17 48
7 18
28 39
32 49
31 48
68 86
38 52
7 53
45 87
29 89
5 56
84 93
90 98
5 84
15 21
4 37
8 71
44 64
80 85
11 29
42 54
73 92
15 26
44 77
48 90
16 26
20 83
65 76
4 73
30 57
55 93
11 13
41 73
13 73
26 57
6 8
19 43
1 40
92 99
55 68
8 69
40 60
58 59
79 91
79 87
41 81
8 93
8 32
25 64
63 70
70 72
42 80
3 74
22 70
66 83
5 96
19 93
52 85
1 9
30 41
46 85
1 63
19 91
51 83
34 64
45 61
83 93
34 65
67 68
51 63
53 54
7 61
13 71
22 32
1 57
15 69
2 92
2 37
3 63
49 96
51 92
10 29
23 93
36 48
70 95
44 55
60 85
6 26
9 50
87 92
30 47
40 45
23 51
81 93
9 68
74 78
39 74
41 43
3 58
36 63
81 96
38 51
11 50
60 79
9 96
14 70
30 84
6 71
36 38
50 51
27 60
37 58
54 77
4 74
45 64
40 61
15 63
27 90
79 94
29 33
5 19
16 28
4 90
66 89
33 96
67 86
65 99
88 94
6 100
10 95
38 77
12 69
23 36
44 78
19 86
70 87
27 78
32 82
69 80
59 87
52 100
3 95
82 87
38 46
26 95
37 60
77 87
12 57
47 89
11 40
1 41
59 98
38 86
81 97
47 91
54 82
2 29
13 72
42 90
15 100
3 42
3 7
25 55
21 38
72 85
5 44
5 81
90 99
32 94
33 35
48 82
9 100
8 48
44 74
18 76
23 95
23 29
20 100
65 68
39 81
19 72
91 92
57 67
7 47
25 73
72 81
49 51
4 81
14 92
2 7
28 49
23 24
34 60
3 41
10 51
3 24
24 70
85 86
9 59
48 78
57 62
4 49
3 92
54 83
76 99
83 96
7 68
27 68
12 40
37 53
33 47
68 94
51 55
49 87
26 94
19 40
13 31
32 72
16 50
52 53
67 87
44 95
8 35
14 98
26 31
56 78
24 100
47 79
60 80
72 82
3 53
19 28
10 87
12 67
19 60
19 82
68 83
59 89
17 90
52 98
37 44
21 55
25 56
12 88
62 84
8 92
66 87
11 87
53 81
8 84
12 89
93 96
8 50
22 64
19 53
47 100
78 100
53 89
38 56
52 77
50 74
26 37
65 75
7 77
45 70
22 61
12 53
6 58
8 73
79 88
58 95
75 79
13 77
41 77
38 99
50 64
20 57
25 81
58 77
1 58
30 98
43 92
68 81
7 80
42 50
10 69
35 91
69 96
17 70
29 81
25 45
47 52
36 51
11 83
25 86
24 71
71 72
13 34
18 56
21 88
31 33
55 62
2 100
26 71
22 50
84 86
42 63
3 89
71 78
43 70
16 75
44 85
72 77
30 83
21 24
52 73
17 49
4 26
4 18
24 65
36 78
37 64
26 81
59 66
50 52
19 27
7 56
2 38
47 93
18 83
40 50
38 43
34 75
12 38
6 76
59 82
66 86
46 47
17 18
51 58
2 9
38 91
50 90
36 92
37 63
32 50
37 100
32 87
22 67
35 68
57 61
54 90
67 94
4 43
8 87
16 20
63 93
20 58
93 100
40 55
42 88
74 97
42 51
38 83
23 41
34 88
49 88
27 49
27 94
49 93
8 97
6 12
13 79
31 42
3 99
14 46
35 40
72 91
52 87
32 47
18 42
38 78
5 90
12 78
50 72
14 43
51 84
19 47
22 69
25 88
16 42
29 51
56 86
12 34
41 62
19 84
22 91
49 58
34 95
38 84
24 58
38 58
34 62
55 83
79 84
21 48
11 76
11 35
55 87
59 74
33 37
56 64
14 57
52 89
60 82
72 87
13 58
43 59
18 41
46 79
17 35
16 95
25 95
1 61
16 43
12 97
41 63
80 100
66 73
45 47
43 94
10 58
6 72
38 48
48 94
12 47
2 81
27 79
31 89
51 87
32 61
38 73
61 69
52 97
6 48
61 88
43 69
8 79
60 61
63 90
70 84
23 35
37 47
4 70
77 93
34 72
7 88
50 67
24 29
37 69
68 89
3 82
72 84
2 62
13 19
53 70
29 75
64 88
13 83
7 16
1 45
14 94
57 72
12 90
62 94
20 73
33 64
87 98
49 57
53 79
2 84
23 65
60 63
3 57
43 88
6 7
44 60
64 77
63 83
70 88
41 90
48 85
53 62
13 75
32 41
5 11
1 84
9 10
47 56
68 90
44 58
45 74
13 96
55 64
68 88
43 53
15 19
9 40
68 80
39 59
32 54
48 63
16 58
24 95
16 49
63 65
28 97
7 66
17 56
54 58
2 89
61 70
4 36
9 41
10 93
30 44
7 38
27 52
1 52
43 86
85 92
15 73
1 86
7 37
11 62
36 87
33 77
14 100
11 71
55 99
21 73
35 53
88 92
11 95
54 86
45 85
29 66
40 80
66 95
6 17
63 99
63 100
33 69
4 11
51 96
57 79
40 66
2 55
39 77
22 52
71 89
38 97
66 72
8 19
62 79
6 53
34 37
41 61
34 38
53 55
34 94
3 54
6 33
20 42
34 71
15 57
46 75
60 71
9 47
58 91
59 63
23 67
43 68
59 62
4 13
24 45
60 98
30 40
13 76
17 26
1 51
55 94
39 53
55 85
42 60
45 80
57 88
12 81
74 92
20 94
43 82
83 91
17 95
37 74
23 30
59 91
12 41
8 51
84 97
9 16
63 69
11 52
4 31
43 90
28 63
20 26
2 75
45 93
4 16
13 38
3 88
27 84
40 74
42 55
79 86
66 69
48 56
14 53
77 100
63 82
28 95
16 70
24 31
27 65
73 85
46 61
9 74
27 73
43 91
76 83
9 31
22 59
44 81
3 6
79 100
16 80
11 23
64 71
56 88
67 89
19 46
7 72
31 56
33 61
27 86
49 62
31 93
90 97
39 87
50 81
27 34
55 61
51 73
7 32
51 60
37 98
11 18
88 98
65 79
43 80
9 51
39 93
63 77
20 47
19 59
42 85
1 82
56 85
23 94
43 77
13 82
5 38
19 54
5 97
40 41
29 57
14 61
8 54
34 67
39 51
15 85
38 60
14 40
35 87
21 60
57 97
81 98
6 21
4 34
17 66
58 70
35 89
37 51
57 70
1 99
65 98
5 46
18 87
38 50
90 91
16 83
82 93
46 82
1 42
69 79
67 74
17 28
44 100
14 63
13 57
31 44
32 55
7 52
16 62
35 57
44 49
42 92
42 86
12 95
44 48
47 76
6 92
55 56
8 46
53 91
35 69
28 86
10 57
36 96
16 24
10 74
45 69
33 74
83 90
7 97
5 67
5 30
86 91
75 93
16 21
37 56
25 87
17 77
1 100
89 95
37 95
39 40
1 90
33 75
26 77
28 60
51 98
54 69
3 29
12 74
56 87
11 33
57 73
9 57
37 94
38 98
63 86
41 95
31 66
45 49
60 92
36 45
77 98
17 47
83 86
97 99
5 53
10 61
20 25
2 83
41 54
77 80
43 50
64 79
27 29
10 85
15 54
20 53
2 30
11 45
64 89
40 63
47 54
18 49
78 87
24 91
74 84
43 78
28 80
55 81
9 48
60 65
32 93
35 56
26 41
57 65
96 98
41 65
45 65
18 74
35 36
84 85
48 77
45 82
78 82
39 99
49 52
6 44
9 34
2 68
20 95
31 71
25 32
32 40
4 48
41 45
6 95
26 87
80 98
29 97
2 91
36 82
47 82
12 70
21 82
9 33
33 92
59 72
14 51
39 95
4 55
5 20
11 80
15 43
49 73
85 91
60 72
20 33
21 67
26 55
20 69
39 90
28 96
50 76
38 66
6 28
31 94
56 83
39 45
15 35
34 87
32 60
69 88
44 76
