756 448 26 31
734 145 8 40
818 65 40 45
131 491 10 23
337 689 10 10
233 146 39 7
548 9 28 34
404 931 19 11
139 11 26 47
251 639 24 48
732 325 4 40
62 404 35 37
204 467 4 39
892 455 42 33
458 804 8 28
91 322 28 23
838 376 5 34
419 228 49 12
55 524 15 19
915 866 31 36
25 88 34 12
204 339 9 47
841 568 41 15
471 356 14 50
316 793 20 35
417 660 32 39
207 520 13 29
79 885 21 30
945 200 20 20
48 917 34 39
334 257 16 37
359 54 47 33
821 10 28 37
797 21 26 43
623 452 42 2
140 750 38 28
506 658 13 35
359 369 9 10
921 135 48 27
626 965 24 19
714 391 29 27
940 736 34 3
412 785 49 26
583 78 27 28
975 618 18 18
726 879 42 43
717 827 38 12
621 11 29 39
536 721 5 9
487 293 7 32
617 423 14 49
525 501 36 9
436 255 35 23
24 250 28 7
58 949 4 32
853 19 5 31
583 430 29 18
343 739 11 32
247 277 10 44
489 308 37 4
374 230 39 36
493 486 42 44
948 38 46 33
6 532 33 25
178 474 10 8
714 369 14 21
631 213 6 9
452 992 13 6
201 948 25 16
602 182 16 16
433 742 1 46
271 902 47 8
508 324 18 26
499 667 17 42
798 579 47 7
709 67 18 1
866 284 44 45
558 36 10 1
262 436 39 21
607 293 22 23
774 188 22 25
556 210 29 15
367 799 30 9
54 571 8 46
141 380 32 23
53 93 17 35
481 44 24 15
79 874 42 19
527 731 40 46
104 968 29 25
548 867 2 24
602 691 20 3
540 399 12 12
846 727 22 18
385 707 38 11
665 962 27 20
245 673 12 8
61 830 39 48
908 358 39 45
122 311 9 32
775 368 12 28
271 342 50 35
942 866 11 22
425 717 4 38
369 691 34 27
580 392 14 18
764 501 7 41
587 226 25 25
40 326 28 32
531 625 36 14
915 662 19 33
595 337 22 50
335 626 41 7
37 550 5 33
186 234 39 36
683 500 46 13
218 751 40 18
151 853 44 29
957 518 15 17
499 834 27 39
228 165 7 26
842 355 26 28
561 45 24 43
442 835 4 21
183 856 44 11
925 176 29 2
819 112 18 18
826 28 22 42
632 516 13 11
93 20 5 16
303 559 23 23
280 51 12 38
949 110 33 8
321 175 16 17
610 108 5 20
133 96 8 45
13 20 45 18
911 558 12 44
33 291 13 46
566 386 34 13
698 576 37 40
105 74 23 8
147 910 10 18
330 236 22 32
719 431 7 46
981 232 14 25
227 395 35 44
270 689 23 25
439 709 47 50
528 942 17 34
674 609 19 38
727 43 20 47
713 762 1 47
638 745 31 50
378 444 48 29
685 899 28 14
5 251 25 23
43 106 46 34
166 673 16 29
985 368 8 43
881 13 23 40
905 148 16 18
141 833 24 40
416 416 5 3
338 658 5 8
316 625 19 8
572 838 17 43
689 316 43 17
535 406 29 8
843 81 27 39
372 642 24 48
146 301 13 44
316 916 47 28
926 112 22 9
319 637 5 44
851 839 32 47
248 760 49 47
484 800 33 6
809 624 24 40
226 94 38 9
659 199 49 37
197 356 16 27
646 219 36 17
365 656 46 27
68 73 9 14
714 103 30 34
713 116 11 30
170 941 38 38
513 628 24 17
48 907 31 26
233 456 23 44
129 107 43 45
236 927 9 13
946 463 12 32
227 345 35 43
628 823 38 12
138 464 33 33
133 327 13 2
388 678 35 21
654 491 48 43
872 15 7 32
490 366 2 18
641 32 33 42
756 42 46 25
4 581 21 32
827 126 15 3
500 415 45 14
124 335 26 31
339 852 8 41
172 91 45 37
721 104 43 3
170 958 6 26
333 161 44 21
599 946 4 36
857 294 8 15
358 596 12 7
589 494 9 37
882 338 34 17
584 551 2 9
277 220 36 35
466 488 12 23
615 69 29 2
819 881 38 21
277 860 46 23
921 306 7 41
506 330 15 44
837 268 30 48
960 772 24 12
23 172 25 50
615 51 43 30
969 363 17 45
584 870 37 49
630 300 48 26
176 914 11 22
670 585 29 34
0 757 41 17
470 679 40 39
528 256 43 1
561 537 9 6
609 649 5 43
670 81 33 38
642 383 45 11
687 590 8 32
441 773 9 19
129 984 36 14
870 213 32 16
458 410 4 1
489 456 5 31
817 741 18 41
967 213 2 37
163 232 32 8
592 118 35 15
146 196 41 45
674 238 47 6
4 758 6 13
739 176 34 10
430 367 37 32
790 663 38 33
76 299 36 10
807 839 9 10
358 372 3 12
796 536 20 47
929 98 17 23
795 372 9 18
161 935 49 4
641 901 41 32
807 428 23 33
938 23 11 33
661 807 3 11
51 306 14 3
387 812 39 42
874 365 50 39
628 831 42 30
643 166 50 10
448 236 8 23
229 932 45 41
77 256 35 17
407 327 29 33
509 196 22 10
216 655 33 14
824 714 5 28
751 339 16 11
453 258 24 24
882 737 44 37
620 828 43 18
906 657 39 33
668 241 25 19
194 638 47 13
418 851 17 10
476 660 12 21
143 383 28 31
389 453 43 23
389 380 23 23
20 688 5 32
363 295 28 30
270 267 37 46
496 961 10 31
848 335 42 10
896 865 5 41
492 276 25 43
227 451 19 15
812 764 9 4
744 473 40 1
749 940 35 2
151 932 8 32
150 824 10 18
28 420 49 13
800 109 45 22
876 9 16 22
231 461 11 36
399 748 2 44
25 847 31 29
223 862 31 12
125 426 38 48
464 750 7 17
101 877 46 46
659 403 12 37
100 445 20 22
371 747 18 22
504 67 21 31
457 317 45 2
185 453 18 14
259 954 35 37
719 334 33 44
926 503 37 2
968 351 30 45
475 725 40 8
358 806 5 4
10 74 5 23
645 257 19 17
3 729 34 36
300 633 10 22
788 458 25 44
23 193 34 42
550 657 11 46
298 143 22 13
892 394 3 34
670 944 3 44
963 534 26 34
372 89 41 31
41 331 36 42
274 221 23 4
763 7 35 16
654 913 19 17
284 41 48 16
575 605 32 5
418 118 1 12
377 839 35 45
495 351 17 22
34 108 12 6
272 852 36 48
602 632 2 2
572 470 21 34
717 236 47 48
255 659 42 9
77 124 37 15
192 879 10 21
475 417 9 2
304 655 23 8
722 976 35 11
135 54 16 27
772 641 7 39
588 220 26 36
693 155 48 12
938 925 6 14
73 695 50 37
284 698 3 46
967 648 10 44
159 203 7 42
774 598 2 21
127 172 3 35
416 350 50 26
850 37 47 32
819 224 28 39
130 639 46 36
585 867 3 19
589 665 17 5
629 366 28 39
806 757 2 50
681 880 38 50
498 603 34 11
552 736 29 39
84 137 39 48
288 764 20 24
273 780 9 35
538 227 29 30
620 256 35 21
725 898 28 41
411 473 43 6
273 570 6 13
85 385 42 39
483 787 28 1
241 691 21 44
690 823 9 41
538 670 35 13
732 220 21 44
380 363 45 24
705 169 14 31
208 915 16 42
836 74 50 15
101 167 33 47
314 473 27 42
508 775 27 48
20 386 9 31
969 559 13 12
802 851 19 12
11 207 5 41
77 884 34 39
362 601 18 38
131 821 14 37
707 936 5 13
766 104 11 32
682 936 9 43
488 602 49 26
85 183 42 32
457 97 16 21
546 119 7 5
185 463 8 11
264 670 48 24
126 949 40 37
184 619 28 50
144 590 16 3
872 767 18 12
912 238 26 24
337 851 50 22
433 812 28 46
421 920 31 41
817 82 38 49
734 586 45 39
339 389 13 1
927 599 18 17
152 577 35 30
663 118 33 29
327 880 33 23
1 956 17 11
973 626 14 48
902 833 22 1
72 765 4 41
589 942 16 43
649 432 17 20
506 675 48 8
195 499 3 26
773 370 25 38
147 723 13 50
258 887 32 34
370 71 29 2
235 745 42 18
9 840 50 50
89 565 9 11
41 401 38 26
938 6 2 14
32 217 9 30
502 345 5 31
607 115 29 45
660 241 12 20
608 355 19 9
76 685 49 44
825 280 30 30
788 109 10 29
62 207 19 4
394 164 49 44
888 275 10 14
224 924 47 7
288 668 23 29
869 663 10 21
198 333 44 11
545 140 33 16
183 860 23 38
716 913 35 23
816 721 20 29
743 80 29 31
77 244 35 14
845 909 4 18
880 278 20 42
416 910 17 31
730 878 50 8
746 263 43 45
834 103 2 5
771 291 35 32
0 460 13 44
752 795 14 5
938 213 22 7
350 701 13 30
265 445 16 1
9 403 1 16
749 656 39 44
397 148 50 5
408 62 21 7
620 520 26 34
315 786 43 42
613 20 41 47
864 724 11 10
234 549 37 1
819 327 50 46
430 988 25 2
122 796 6 4
547 315 31 20
727 217 26 8
649 772 22 10
549 577 19 16
393 455 2 42
880 438 18 45
68 374 41 14
715 557 20 15
469 613 33 2
222 871 2 1
353 119 33 27
203 906 15 30
941 815 42 40
682 359 29 36
739 345 3 16
467 312 19 50
664 552 46 6
616 912 33 27
341 785 34 40
941 128 41 26
330 314 34 3
561 963 45 25
245 52 12 44
427 110 48 3
304 82 16 6
347 226 37 22
193 922 16 10
33 575 9 42
314 446 14 39
146 993 3 3
905 756 8 24
319 20 33 1
785 663 7 22
193 695 42 8
266 582 14 14
205 912 8 30
141 584 29 10
99 408 26 35
946 232 41 14
771 542 32 17
465 856 37 37
169 510 46 26
568 307 30 9
138 314 30 1
861 681 42 3
403 751 24 4
504 295 16 19
238 218 49 10
901 48 47 30
60 923 15 31
780 390 24 17
41 344 22 18
439 580 17 29
443 178 7 19
131 856 18 24
667 13 17 19
341 799 41 41
632 212 17 26
285 276 31 10
312 410 39 50
659 175 41 5
559 27 48 26
59 943 33 36
147 375 22 10
384 480 21 6
573 56 31 7
509 113 34 5
136 507 28 23
769 560 33 40
523 374 46 36
452 560 21 11
535 199 42 35
702 689 34 5
783 695 18 10
324 844 41 10
502 676 47 7
91 453 49 49
177 64 27 9
469 232 7 27
535 893 10 23
98 953 16 30
947 475 17 46
36 581 36 19
827 87 36 48
783 510 12 6
2 97 31 6
503 543 9 1
104 454 35 26
122 238 23 40
596 648 47 41
362 709 48 5
849 745 13 44
700 631 11 35
664 754 20 8
494 497 24 46
262 298 12 10
287 699 14 31
524 298 17 27
855 414 42 42
923 648 34 30
470 337 27 40
373 383 26 42
712 178 42 10
904 275 12 45
242 724 35 19
28 692 18 46
647 163 10 40
968 323 31 26
327 29 22 22
895 49 5 17
289 585 48 12
877 42 49 38
574 108 25 9
335 42 20 3
633 891 8 33
506 510 43 14
148 523 1 5
47 470 1 33
291 626 42 25
82 687 16 45
233 222 48 30
634 538 37 2
715 933 17 8
296 315 15 24
818 869 48 3
301 513 15 50
127 224 19 10
34 113 16 33
290 731 40 49
920 675 50 31
383 946 38 8
223 954 34 16
461 977 3 22
864 101 13 34
167 682 26 33
68 852 30 17
96 261 20 17
103 794 49 34
444 619 21 22
398 210 36 36
186 398 39 22
877 405 14 8
101 680 10 10
124 906 24 37
855 540 49 1
360 85 3 11
463 715 42 13
92 172 23 15
372 28 17 37
607 761 25 18
410 254 4 10
765 938 23 50
147 914 9 13
377 328 23 41
18 829 19 10
212 985 25 11
495 69 19 27
686 142 43 2
636 670 10 8
31 695 38 1
486 750 38 23
142 206 8 14
538 787 14 14
839 504 20 46
410 307 13 40
319 308 41 42
859 297 41 1
568 170 18 4
120 573 46 30
320 306 7 44
167 352 10 24
918 14 24 2
242 414 19 45
624 334 2 14
807 325 22 43
654 673 10 4
950 394 27 28
757 751 1 32
587 21 20 29
460 915 48 32
344 296 43 47
564 650 11 4
723 42 24 8
399 508 5 20
836 170 45 5
894 252 17 33
0 931 16 43
496 754 29 36
382 21 19 11
186 507 21 48
501 688 8 5
580 634 11 42
925 935 3 15
622 34 4 15
85 437 41 16
726 747 31 5
482 723 39 24
382 425 21 26
713 957 46 10
837 50 42 27
440 419 18 7
450 679 50 43
721 604 48 13
845 741 26 29
885 317 1 31
227 416 28 16
869 412 7 13
231 460 13 16
872 49 22 23
199 447 27 3
619 669 22 22
808 94 46 25
746 178 7 28
670 303 23 46
822 671 36 3
301 386 8 36
723 22 17 5
310 294 46 20
556 664 9 30
659 346 21 12
332 311 27 33
597 951 30 2
130 939 27 33
649 807 13 38
63 220 14 44
120 185 32 4
68 430 6 36
476 385 30 50
752 916 2 3
896 336 48 36
175 393 36 36
920 686 44 26
218 194 45 23
932 532 41 9
931 474 17 27
282 582 15 44
544 812 20 40
679 491 23 13
151 522 48 40
374 360 19 28
924 414 10 50
235 505 13 7
612 472 29 41
638 418 6 21
546 803 18 28
194 7 34 19
850 344 40 13
646 750 11 32
629 680 37 49
706 65 20 26
309 528 3 25
109 547 29 1
666 181 46 16
952 284 36 2
85 479 23 35
634 856 37 15
861 313 8 43
780 322 12 17
782 886 45 8
894 525 30 8
356 620 45 31
893 356 18 8
933 308 13 27
605 299 49 34
814 63 19 32
840 802 28 16
920 886 9 21
512 717 24 15
802 276 6 30
932 52 7 28
739 537 13 2
205 664 14 12
644 932 6 5
73 877 8 40
772 152 24 24
509 578 9 1
293 312 48 21
229 422 14 11
97 495 7 15
905 256 1 11
318 773 29 32
126 410 28 49
281 22 29 14
18 388 20 26
779 580 49 44
383 79 15 30
283 656 31 18
227 541 49 12
191 780 22 25
897 882 4 22
104 580 10 34
561 348 13 5
456 584 46 38
799 903 4 18
821 332 24 41
876 981 32 15
670 616 41 20
77 305 48 48
25 916 22 39
61 349 23 45
439 213 19 36
434 305 17 7
907 895 19 45
54 716 10 38
980 47 1 37
360 743 21 45
195 42 42 14
440 906 49 12
250 610 23 46
617 887 19 43
815 920 50 49
371 312 6 19
256 440 11 43
832 256 3 33
290 417 10 34
157 175 15 10
245 644 30 16
542 80 1 42
247 422 2 44
559 0 27 25
416 102 13 4
809 823 10 36
693 337 49 30
271 618 27 34
88 335 20 25
673 493 24 23
454 3 15 23
841 107 9 44
871 189 49 7
718 302 5 49
214 273 27 2
889 546 33 28
226 818 21 47
657 338 13 28
596 811 44 14
715 167 33 10
818 720 8 15
180 840 36 28
737 933 7 9
627 749 12 23
241 104 36 41
111 301 35 41
732 177 7 23
654 131 21 41
141 902 40 1
193 864 19 43
197 187 25 48
55 909 7 47
733 251 1 8
238 459 35 26
127 663 42 19
811 741 23 50
594 840 36 40
215 927 44 42
236 499 41 9
0 332 28 50
354 50 2 33
238 934 8 49
830 20 1 38
219 616 24 41
184 261 4 16
534 436 44 48
400 179 30 20
920 443 45 2
819 456 5 49
584 881 12 45
141 453 35 7
655 177 44 12
780 695 7 30
103 491 38 8
391 897 44 6
121 405 26 31
702 283 30 14
639 631 34 28
488 309 10 7
419 473 36 39
103 165 15 45
539 591 14 25
888 122 28 23
564 44 23 14
844 282 21 4
418 602 32 5
507 377 18 32
857 308 29 22
571 381 21 10
759 649 12 38
199 400 15 19
4 584 40 6
913 86 26 40
867 663 20 26
34 514 3 10
945 374 2 18
724 548 34 41
606 979 28 1
17 638 15 46
848 756 2 50
39 839 24 30
236 519 7 10
557 431 6 7
785 786 21 17
10 233 13 30
915 726 18 26
754 462 47 27
26 276 35 34
626 337 29 44
933 18 44 34
192 270 9 20
65 678 29 33
394 451 8 48
893 471 17 28
450 875 2 45
813 456 3 25
481 764 49 46
385 686 20 27
37 436 16 17
336 53 35 34
99 736 26 12
802 445 3 4
546 564 5 12
389 342 8 26
46 723 29 50
234 380 15 2
12 457 43 44
446 48 29 21
357 904 38 3
630 444 29 45
400 294 1 26
361 831 4 7
910 478 29 26
921 512 50 35
406 720 7 43
222 54 47 3
482 673 18 22
696 644 33 30
467 398 47 17
631 36 37 29
32 384 20 29
333 155 10 20
353 356 49 14
220 350 46 16
589 504 41 47
830 408 31 48
50 736 39 4
794 144 40 29
965 495 11 26
819 22 47 28
220 652 7 6
419 355 33 35
88 278 31 12
317 890 11 29
642 941 11 1
34 971 22 12
677 364 1 30
473 813 24 46
806 69 44 48
865 79 12 2
623 896 10 20
744 551 17 17
344 263 49 22
656 575 45 2
286 470 40 49
809 720 48 16
857 922 34 26
706 895 32 23
717 62 3 34
325 522 47 16
203 100 30 22
869 263 8 40
400 326 9 47
491 522 2 3
204 774 46 30
700 519 6 9
525 352 9 29
551 10 44 12
892 284 17 30
459 949 24 14
507 687 25 50
552 862 38 25
246 402 49 30
987 567 7 20
541 647 45 35
648 809 47 10
591 548 28 41
14 441 19 35
561 63 44 5
775 792 50 46
71 144 6 13
233 136 30 15
455 63 17 25
556 949 2 13
520 852 18 42
424 916 1 5
350 264 29 6
414 918 47 41
114 48 26 27
128 797 48 3
829 79 2 37
87 928 36 14
634 315 8 27
828 765 31 44
893 442 10 15
12 303 32 49
651 17 23 28
223 773 6 17
